296675
614928
602600
900975
724793
594322
374919
645931
734578
696169
70395
43940
207615
924851
855375
833541
600317
351070
513907
232937
95372
539211
353368
699872
836360
667831
671829
327494
812127
920099
725099
627093
776937
946892
279079
755150
283553
577464
348559
314452
788053
450116
207864
476139
647020
818086
43135
229332
912515
418043
110155
443946
321258
85220
107324
199322
375926
729115
142278
226996
601032
946510
586221
923981
3975
257296
41421
919036
220791
609165
323789
557061
763281
24800
430734
537218
132680
926865
87991
170083
985199
322422
220355
308304
90560
740271
874757
476866
969189
549341
409928
733066
108690
225840
630822
3504
787008
286619
50940
303811
529465
369069
364728
799526
641121
550868
922374
348678
182132
812645
822445
270836
633145
359266
413122
180972
584326
586262
887328
453758
911481
517350
58978
176044
963063
944793
583530
988965
120588
164007
860026
204436
822939
985354
996635
710008
796205
496401
108326
485991
404640
643918
840688
156064
333863
551599
874926
559982
337081
183667
507541
897
699196
704634
529561
485421
690172
121565
643730
870061
247184
594903
250291
792770
645553
928845
181819
217083
240589
283670
539943
564824
982361
903438
386343
280346
484317
270666
195564
113126
126167
467919
717675
106198
366823
503707
14042
794098
779978
286054
337192
684800
332673
531253
61370
100508
81444
521366
853599
167691
519248
111437
888099
444865
978040
901095
828388
506371
369971
138237
965944
314328
363148
362225
418826
835834
582126
36059
254043
83257
377686
139814
359103
13605
709336
268533
879854
411559
393187
334498
400984
142719
505698
379991
249220
299873
752958
385640
92422
803358
334331
251891
233693
311555
487392
886681
36195
977566
264495
141434
575186
989873
827884
752291
248021
629144
396893
876695
903203
941301
580226
863678
531181
750707
608330
454928
799888
729609
577640
7383
252632
210948
871267
586300
930423
478571
937592
416134
822073
759989
206281
785785
631338
391504
338372
959916
297110
572305
427126
840859
249608
937797
551541
428418
740487
961700
691396
245862
887869
649993
660566
210989
576700
762366
779618
822155
150520
981361
649591
44138
295525
967664
302226
693204
825801
755191
493145
916474
797887
842472
640372
160722
206604
583357
73078
459478
202197
212986
403511
312146
920706
46034
876247
663374
813104
14298
975863
599008
569171
529498
67088
683857
673770
152843
415558
583151
418906
862294
387935
335345
452925
297822
139772
826522
864298
84777
145247
433866
635221
733047
452467
352211
942302
557868
81559
719799
512039
751895
414945
976298
659211
93127
769174
615910
113898
627351
271109
696341
866062
764559
953059
55699
319919
775336
194518
430776
528165
947007
844795
4026
95150
796938
266607
454725
793010
427315
311824
182614
638032
566808
829544
496166
591837
90221
18940
283808
600755
334693
505149
216169
420955
444489
993246
639235
885999
458816
256862
90532
810847
738527
555159
918465
75644
542947
990080
753834
653082
306882
991921
325326
999308
874131
387878
497862
457003
387553
301164
960207
314889
368012
102377
745485
613899
678033
434227
774845
49163
248423
72397
918129
851810
286235
855534
628568
173313
373687
185940
46728
561577
46277
738463
865044
453019
964849
150268
927924
788594
864591
337736
594543
669952
144558
252444
860764
124810
929578
428173
223381
122524
149603
877628
605530
184134
121846
393317
480416
143019
467127
466890
550470
491168
214475
316901
124092
551756
858998
356655
751050
768072
5182
528064
585773
4800
953395
66414
765644
440587
150235
601207
938303
510082
852529
57836
402592
186253
210437
113527
105256
64364
779133
157304
961834
730214
323158
821008
550994
179461
712848
404020
349783
330382
611476
220812
965891
693349
692449
578278
770194
774313
276722
465129
831780
484504
738268
994671
492294
693960
464356
321323
432341
820344
653641
722627
775259
221386
252487
814536
435953
592310
689271
372379
774665
730625
138952
110808
827086
943270
26480
658202
533095
77509
578518
665425
546094
122281
253211
878842
741633
949610
352998
704853
855523
175076
330098
683593
587872
665750
887416
20629
861163
305420
61341
520018
637356
296617
57136
426848
985394
375207
458486
541537
301636
357188
264846
254639
135415
970102
919734
346521
254321
292287
720774
81579
883198
515216
251960
151942
765339
405768
809739
26692
951533
299999
237017
233698
408194
310455
845416
167235
371406
215663
987317
394931
395133
818565
83144
185262
652579
925775
736062
352967
984706
859541
114269
372271
68165
504481
729427
124923
71693
110152
358152
369764
136198
567247
378867
376969
710742
758626
397270
546278
546820
797209
539616
295480
850396
915229
45716
158899
617914
575659
681241
988825
516713
93717
203023
735634
554005
732177
393447
493531
538194
226571
372262
814382
544167
280281
76185
288886
777364
752623
795575
342155
556442
276936
983339
834056
906821
214039
475950
36380
26187
839288
919771
889693
317787
787104
971099
878705
833821
416813
585337
448353
168715
804771
810872
23366
147774
185760
541066
457801
299486
953520
637244
290034
32714
831539
758258
646334
634829
332205
580915
976927
161023
529637
482363
541760
481999
779667
113785
743003
143018
827950
134306
570966
528771
319221
130795
20803
905517
626977
953057
585938
212496
825040
258374
134754
107004
344552
736522
462723
124004
251829
511335
724219
828000
617887
41181
882847
929957
978952
48944
546251
44226
379866
609380
811492
300059
272439
924499
917980
65138
856020
292646
801454
437823
962160
83538
575484
221865
359490
451399
377973
614529
873128
166719
123420
662801
891374
745770
543727
205896
119006
252517
204717
706275
295403
747240
58194
932438
360615
854739
875701
698972
996875
600617
451333
645612
656090
112185
916235
826725
138463
564000
493088
588172
146087
615142
713824
770826
400592
302165
150537
167156
564725
416773
833725
25483
991505
61163
720619
370498
103089
600046
293739
962837
121628
654710
704803
453521
32546
892959
791707
743744
257234
504852
138423
215470
931957
16997
512062
665485
866933
48161
720704
279548
997943
602293
318275
678781
58794
265236
126625
391119
853949
42710
728249
821807
227617
892177
662505
156622
855695
422479
296711
412005
548097
1346
226837
616746
855049
275747
582413
627802
688616
794066
214244
494383
142743
584587
219425
231218
553505
694508
628810
57491
302424
700745
653897
611935
270309
360664
331681
955790
539303
25091
384743
445802
261071
195053
205681
2425
198580
556647
158800
171400
696396
987880
482354
71804
368648
51303
761453
501065
718575
830303
13996
601422
356487
207257
396703
534019
343253
284479
155903
211403
967349
68968
928740
374819
853875
247831
372100
764462
946747
252917
591093
582950
749232
114053
466442
414456
157725
704711
199389
699327
19664
9513
136380
111105
457655
201673
714575
223145
385728
898154
716097
374509
317917
146060
94066
198377
935926
513127
582194
880635
869452
821724
808688
979403
793965
709988
255982
528713
756545
417639
39220
176879
188000
158589
332280
